8.0 9.0 16.0 0.0 1.0 0.0 2.0 0.0 0.0 0.0 0.0 11.0 2.0 1.0 6.0 54.55 3.0 0.38
90.0 162.0 303.0 21.0 68.0 0.23 264.0 22.0 61.0 67.0 25.38 323.0 27.0 34.0 126.0 39.01 15.0 0.17
95.0 395.0 395.0 37.0 84.0 0.39 6.0 0.0 2.0 1.0 16.67 643.0 72.0 65.0 334.0 51.94 24.0 0.25
56.0 103.0 168.0 7.0 33.0 0.12 6.0 1.0 1.0 0.0 0.0 113.0 7.0 7.0 69.0 61.06 27.0 0.48
7.0 12.0 14.0 0.0 4.0 0.0 29.0 4.0 10.0 2.0 6.9 29.0 2.0 4.0 12.0 41.38 0.0 0.0
10.0 0.0 0.0 0.0 0.0 0.0 12.0 0.0 4.0 1.0 8.33 0.0 0.0 0.0 0.0 0.0 0.0 0.0
4.0 1.0 2.0 0.0 0.0 0.0 0.0 0.0 0.0 0.0 0.0 2.0 0.0 1.0 1.0 50.0 0.0 0.0
97.0 463.0 363.0 39.0 68.0 0.4 25.0 5.0 6.0 5.0 20.0 796.0 48.0 88.0 391.0 49.12 33.0 0.34
1.0 0.0 1.0 0.0 0.0 0.0 0.0 0.0 0.0 0.0 0.0 0.0 0.0 0.0 0.0 0.0 0.0 0.0
74.0 183.0 215.0 6.0 40.0 0.08 448.0 43.0 95.0 110.0 24.55 349.0 27.0 50.0 158.0 45.27 19.0 0.26
104.0 302.0 489.0 54.0 78.0 0.52 13.0 0.0 4.0 4.0 30.77 328.0 15.0 14.0 193.0 58.84 55.0 0.53
0.0 0.0 0.0 0.0 0.0 0.0 0.0 0.0 0.0 0.0 0.0 0.0 0.0 0.0 0.0 0.0 0.0 0.0
3.0 0.0 0.0 0.0 0.0 0.0 14.0 0.0 4.0 6.0 42.86 0.0 0.0 0.0 0.0 0.0 0.0 0.0
73.0 16.0 78.0 7.0 10.0 0.1 2.0 1.0 0.0 0.0 0.0 15.0 2.0 0.0 6.0 40.0 3.0 0.04
36.0 80.0 77.0 9.0 21.0 0.25 2.0 0.0 0.0 1.0 50.0 145.0 7.0 16.0 67.0 46.21 4.0 0.11
97.0 462.0 366.0 26.0 83.0 0.27 10.0 4.0 2.0 1.0 10.0 800.0 49.0 73.0 417.0 52.12 19.0 0.2
56.0 186.0 178.0 13.0 40.0 0.23 3.0 0.0 0.0 0.0 0.0 316.0 23.0 30.0 154.0 48.73 19.0 0.34
82.0 183.0 212.0 5.0 41.0 0.06 381.0 28.0 93.0 75.0 19.69 368.0 21.0 39.0 167.0 45.38 11.0 0.13
53.0 36.0 72.0 2.0 20.0 0.04 1.0 1.0 0.0 0.0 0.0 59.0 8.0 8.0 29.0 49.15 5.0 0.09
44.0 116.0 92.0 2.0 30.0 0.05 186.0 16.0 51.0 24.0 12.9 203.0 16.0 22.0 106.0 52.22 8.0 0.18
17.0 10.0 23.0 1.0 6.0 0.06 33.0 2.0 9.0 5.0 15.15 21.0 3.0 4.0 8.0 38.1 1.0 0.06
94.0 427.0 329.0 45.0 86.0 0.48 13.0 2.0 5.0 1.0 7.69 673.0 49.0 58.0 353.0 52.45 29.0 0.31
50.0 17.0 130.0 4.0 9.0 0.08 1.0 0.0 1.0 0.0 0.0 13.0 1.0 1.0 6.0 46.15 7.0 0.14
4.0 6.0 10.0 0.0 4.0 0.0 5.0 0.0 1.0 0.0 0.0 6.0 0.0 0.0 4.0 66.67 2.0 0.5
1.0 0.0 1.0 0.0 0.0 0.0 0.0 0.0 0.0 0.0 0.0 0.0 0.0 0.0 0.0 0.0 0.0 0.0
16.0 0.0 0.0 0.0 0.0 0.0 62.0 7.0 16.0 14.0 22.58 0.0 0.0 0.0 0.0 0.0 0.0 0.0
72.0 247.0 264.0 13.0 35.0 0.18 440.0 27.0 94.0 114.0 25.91 424.0 24.0 41.0 214.0 50.47 20.0 0.28
95.0 363.0 360.0 30.0 82.0 0.32 563.0 55.0 166.0 124.0 22.02 640.0 57.0 73.0 314.0 49.06 19.0 0.2
48.0 106.0 156.0 6.0 18.0 0.12 11.0 2.0 1.0 1.0 9.09 118.0 6.0 6.0 76.0 64.41 24.0 0.5
0.0 0.0 0.0 0.0 0.0 0.0 0.0 0.0 0.0 0.0 0.0 0.0 0.0 0.0 0.0 0.0 0.0 0.0
0.0 0.0 0.0 0.0 0.0 0.0 0.0 0.0 0.0 0.0 0.0 0.0 0.0 0.0 0.0 0.0 0.0 0.0
4.0 0.0 0.0 0.0 0.0 0.0 0.0 0.0 0.0 0.0 0.0 0.0 0.0 0.0 0.0 0.0 0.0 0.0
86.0 0.0 0.0 0.0 0.0 0.0 427.0 30.0 91.0 93.0 21.78 0.0 0.0 0.0 0.0 0.0 0.0 0.0
92.0 325.0 339.0 35.0 82.0 0.38 513.0 51.0 148.0 103.0 20.08 537.0 30.0 41.0 258.0 48.04 32.0 0.35
89.0 443.0 346.0 46.0 88.0 0.52 553.0 54.0 175.0 144.0 26.04 653.0 52.0 36.0 357.0 54.67 40.0 0.45
82.0 0.0 0.0 0.0 0.0 0.0 247.0 23.0 45.0 62.0 25.1 0.0 0.0 0.0 0.0 0.0 0.0 0.0
8.0 6.0 9.0 0.0 3.0 0.0 22.0 2.0 7.0 1.0 4.55 15.0 2.0 2.0 5.0 33.33 1.0 0.12
83.0 274.0 294.0 22.0 45.0 0.27 472.0 29.0 133.0 89.0 18.86 497.0 38.0 52.0 229.0 46.08 23.0 0.28
67.0 44.0 103.0 11.0 28.0 0.16 80.0 13.0 23.0 15.0 18.75 64.0 7.0 8.0 30.0 46.88 3.0 0.04
83.0 60.0 130.0 6.0 33.0 0.07 6.0 0.0 4.0 0.0 0.0 133.0 11.0 21.0 48.0 36.09 6.0 0.07
3.0 0.0 0.0 0.0 0.0 0.0 0.0 0.0 0.0 0.0 0.0 0.0 0.0 0.0 0.0 0.0 0.0 0.0
46.0 13.0 87.0 1.0 11.0 0.02 2.0 1.0 0.0 0.0 0.0 16.0 0.0 0.0 8.0 50.0 4.0 0.09
96.0 52.0 262.0 7.0 50.0 0.07 5.0 1.0 4.0 0.0 0.0 33.0 0.0 2.0 17.0 51.52 28.0 0.29
100.0 281.0 275.0 12.0 71.0 0.12 454.0 42.0 103.0 86.0 18.94 500.0 50.0 49.0 245.0 49.0 24.0 0.24
45.0 168.0 175.0 15.0 36.0 0.33 310.0 28.0 64.0 46.0 14.84 298.0 35.0 20.0 139.0 46.64 14.0 0.31
72.0 300.0 277.0 22.0 64.0 0.31 20.0 5.0 8.0 0.0 0.0 537.0 56.0 54.0 254.0 47.3 24.0 0.33
94.0 299.0 316.0 24.0 72.0 0.26 564.0 30.0 174.0 110.0 19.5 529.0 32.0 54.0 253.0 47.83 22.0 0.23
98.0 394.0 293.0 22.0 97.0 0.22 30.0 6.0 7.0 2.0 6.67 759.0 56.0 86.0 341.0 44.93 31.0 0.32
15.0 0.0 0.0 0.0 0.0 0.0 84.0 4.0 17.0 19.0 22.62 0.0 0.0 0.0 0.0 0.0 0.0 0.0
86.0 44.0 315.0 8.0 36.0 0.09 10.0 0.0 10.0 0.0 0.0 52.0 7.0 2.0 18.0 34.62 18.0 0.21
51.0 60.0 80.0 2.0 17.0 0.04 192.0 22.0 39.0 58.0 30.21 139.0 10.0 19.0 51.0 36.69 7.0 0.14
20.0 32.0 34.0 1.0 12.0 0.05 83.0 8.0 23.0 10.0 12.05 56.0 5.0 5.0 28.0 50.0 3.0 0.15
88.0 329.0 347.0 26.0 59.0 0.3 441.0 34.0 86.0 115.0 26.08 488.0 20.0 29.0 256.0 52.46 47.0 0.53
27.0 45.0 62.0 3.0 21.0 0.11 7.0 1.0 0.0 1.0 14.29 65.0 2.0 2.0 36.0 55.38 6.0 0.22
49.0 80.0 127.0 11.0 21.0 0.22 4.0 0.0 1.0 3.0 75.0 157.0 14.0 12.0 66.0 42.04 3.0 0.06
35.0 36.0 35.0 0.0 6.0 0.0 68.0 5.0 18.0 14.0 20.59 79.0 4.0 8.0 33.0 41.77 3.0 0.09
67.0 160.0 240.0 19.0 62.0 0.28 12.0 0.0 4.0 3.0 25.0 168.0 8.0 13.0 95.0 56.55 46.0 0.69
38.0 10.0 56.0 3.0 14.0 0.08 0.0 0.0 0.0 0.0 0.0 10.0 1.0 0.0 2.0 20.0 5.0 0.13
0.0 0.0 0.0 0.0 0.0 0.0 0.0 0.0 0.0 0.0 0.0 0.0 0.0 0.0 0.0 0.0 0.0 0.0
72.0 0.0 1.0 0.0 0.0 0.0 4.0 1.0 3.0 0.0 0.0 2.0 0.0 0.0 0.0 0.0 0.0 0.0
95.0 258.0 380.0 33.0 69.0 0.35 610.0 60.0 177.0 123.0 20.16 472.0 47.0 42.0 200.0 42.37 25.0 0.26
88.0 1.0 0.0 0.0 0.0 0.0 623.0 37.0 178.0 146.0 23.43 1.0 0.0 0.0 1.0 100.0 0.0 0.0
54.0 78.0 158.0 8.0 21.0 0.15 8.0 1.0 0.0 2.0 25.0 97.0 0.0 4.0 55.0 56.7 15.0 0.28
80.0 271.0 231.0 32.0 39.0 0.4 7.0 1.0 2.0 2.0 28.57 406.0 21.0 29.0 207.0 50.99 32.0 0.4
87.0 148.0 259.0 5.0 15.0 0.06 33.0 1.0 8.0 5.0 15.15 185.0 17.0 10.0 104.0 56.22 39.0 0.45
56.0 179.0 189.0 19.0 30.0 0.34 306.0 32.0 61.0 67.0 21.9 309.0 19.0 26.0 154.0 49.84 6.0 0.11
78.0 254.0 317.0 39.0 67.0 0.5 27.0 0.0 9.0 6.0 22.22 244.0 9.0 11.0 153.0 62.7 62.0 0.79
18.0 1.0 19.0 1.0 0.0 0.06 0.0 0.0 0.0 0.0 0.0 0.0 0.0 0.0 0.0 0.0 0.0 0.0
70.0 91.0 131.0 3.0 15.0 0.04 19.0 0.0 3.0 8.0 42.11 119.0 8.0 8.0 72.0 60.5 16.0 0.23
43.0 47.0 60.0 5.0 19.0 0.12 158.0 11.0 49.0 34.0 21.52 82.0 8.0 13.0 34.0 41.46 8.0 0.19
13.0 14.0 31.0 2.0 5.0 0.15 79.0 11.0 18.0 13.0 16.46 33.0 1.0 3.0 10.0 30.3 2.0 0.15
21.0 6.0 51.0 0.0 0.0 0.0 1.0 0.0 1.0 0.0 0.0 4.0 0.0 0.0 2.0 50.0 4.0 0.19
88.0 50.0 313.0 15.0 26.0 0.17 4.0 1.0 2.0 0.0 0.0 8.0 0.0 1.0 4.0 50.0 31.0 0.35
91.0 401.0 293.0 30.0 77.0 0.33 5.0 1.0 3.0 0.0 0.0 714.0 45.0 92.0 352.0 49.3 19.0 0.21
29.0 31.0 43.0 3.0 12.0 0.1 97.0 7.0 31.0 17.0 17.53 66.0 3.0 10.0 23.0 34.85 5.0 0.17
0.0 0.0 0.0 0.0 0.0 0.0 0.0 0.0 0.0 0.0 0.0 0.0 0.0 0.0 0.0 0.0 0.0 0.0
83.0 394.0 356.0 24.0 53.0 0.29 28.0 1.0 7.0 5.0 17.86 636.0 37.0 52.0 333.0 52.36 37.0 0.45
20.0 4.0 25.0 1.0 7.0 0.05 3.0 0.0 1.0 0.0 0.0 3.0 0.0 1.0 1.0 33.33 2.0 0.1
78.0 50.0 268.0 23.0 48.0 0.29 3.0 0.0 3.0 0.0 0.0 27.0 5.0 0.0 13.0 48.15 14.0 0.18
85.0 157.0 269.0 7.0 17.0 0.08 16.0 1.0 4.0 3.0 18.75 221.0 13.0 11.0 117.0 52.94 33.0 0.39
88.0 364.0 306.0 30.0 92.0 0.34 30.0 7.0 10.0 2.0 6.67 644.0 47.0 86.0 321.0 49.84 13.0 0.15
5.0 4.0 9.0 0.0 1.0 0.0 1.0 0.0 1.0 0.0 0.0 9.0 0.0 1.0 4.0 44.44 0.0 0.0
85.0 43.0 232.0 5.0 33.0 0.06 6.0 2.0 4.0 0.0 0.0 34.0 2.0 2.0 18.0 52.94 20.0 0.24
55.0 105.0 131.0 5.0 17.0 0.09 257.0 20.0 46.0 47.0 18.29 219.0 7.0 25.0 94.0 42.92 6.0 0.11
50.0 45.0 41.0 1.0 13.0 0.02 1.0 1.0 0.0 0.0 0.0 79.0 9.0 14.0 38.0 48.1 6.0 0.12
0.0 0.0 0.0 0.0 0.0 0.0 0.0 0.0 0.0 0.0 0.0 0.0 0.0 0.0 0.0 0.0 0.0 0.0
109.0 243.0 370.0 14.0 36.0 0.13 31.0 2.0 5.0 3.0 9.68 247.0 12.0 8.0 156.0 63.16 73.0 0.67
74.0 186.0 284.0 27.0 68.0 0.36 11.0 0.0 0.0 3.0 27.27 190.0 8.0 5.0 121.0 63.68 38.0 0.51
29.0 34.0 49.0 2.0 12.0 0.07 99.0 10.0 23.0 21.0 21.21 66.0 9.0 8.0 29.0 43.94 3.0 0.1
93.0 32.0 244.0 6.0 15.0 0.06 6.0 2.0 4.0 0.0 0.0 8.0 0.0 1.0 2.0 25.0 24.0 0.26
98.0 370.0 353.0 25.0 72.0 0.26 18.0 3.0 4.0 0.0 0.0 616.0 39.0 53.0 299.0 48.54 46.0 0.47
80.0 279.0 301.0 27.0 55.0 0.34 532.0 53.0 159.0 93.0 17.48 460.0 34.0 34.0 234.0 50.87 18.0 0.23
0.0 0.0 0.0 0.0 0.0 0.0 0.0 0.0 0.0 0.0 0.0 0.0 0.0 0.0 0.0 0.0 0.0 0.0
88.0 389.0 274.0 13.0 57.0 0.15 418.0 24.0 120.0 65.0 15.55 682.0 39.0 81.0 344.0 50.44 32.0 0.36
26.0 28.0 54.0 1.0 10.0 0.04 2.0 0.0 1.0 0.0 0.0 36.0 1.0 0.0 22.0 61.11 5.0 0.19
0.0 0.0 0.0 0.0 0.0 0.0 0.0 0.0 0.0 0.0 0.0 0.0 0.0 0.0 0.0 0.0 0.0 0.0
80.0 139.0 274.0 9.0 35.0 0.11 23.0 1.0 4.0 7.0 30.43 143.0 8.0 7.0 96.0 67.13 34.0 0.42
9.0 2.0 7.0 0.0 0.0 0.0 0.0 0.0 0.0 0.0 0.0 1.0 0.0 0.0 1.0 100.0 1.0 0.11
44.0 11.0 62.0 3.0 12.0 0.07 1.0 1.0 0.0 0.0 0.0 6.0 0.0 0.0 2.0 33.33 6.0 0.14
84.0 176.0 256.0 10.0 46.0 0.12 24.0 1.0 3.0 6.0 25.0 209.0 14.0 18.0 121.0 57.89 45.0 0.54
6.0 6.0 7.0 0.0 2.0 0.0 1.0 0.0 1.0 0.0 0.0 6.0 0.0 1.0 5.0 83.33 1.0 0.17
53.0 18.0 74.0 0.0 10.0 0.0 1.0 1.0 0.0 0.0 0.0 33.0 4.0 1.0 17.0 51.52 1.0 0.02
30.0 26.0 60.0 2.0 5.0 0.07 11.0 1.0 3.0 2.0 18.18 29.0 1.0 2.0 20.0 68.97 4.0 0.13
0.0 0.0 0.0 0.0 0.0 0.0 0.0 0.0 0.0 0.0 0.0 0.0 0.0 0.0 0.0 0.0 0.0 0.0
88.0 235.0 282.0 18.0 68.0 0.2 541.0 37.0 152.0 98.0 18.11 430.0 34.0 64.0 194.0 45.12 23.0 0.26
85.0 323.0 322.0 28.0 65.0 0.33 502.0 24.0 144.0 89.0 17.73 539.0 41.0 42.0 268.0 49.72 27.0 0.32
52.0 23.0 82.0 2.0 23.0 0.04 0.0 0.0 0.0 0.0 0.0 38.0 1.0 6.0 19.0 50.0 2.0 0.04
84.0 172.0 291.0 24.0 59.0 0.29 27.0 5.0 5.0 3.0 11.11 188.0 16.0 14.0 115.0 61.17 33.0 0.39
30.0 41.0 85.0 5.0 11.0 0.17 15.0 1.0 2.0 2.0 13.33 61.0 3.0 3.0 28.0 45.9 8.0 0.27
81.0 326.0 271.0 22.0 55.0 0.27 414.0 37.0 99.0 72.0 17.39 526.0 37.0 45.0 281.0 53.42 23.0 0.28
62.0 32.0 104.0 5.0 22.0 0.08 64.0 7.0 15.0 16.0 25.0 66.0 3.0 9.0 22.0 33.33 5.0 0.08
97.0 27.0 285.0 2.0 11.0 0.02 7.0 1.0 6.0 0.0 0.0 17.0 0.0 1.0 7.0 41.18 18.0 0.19
60.0 108.0 116.0 2.0 30.0 0.03 289.0 28.0 71.0 42.0 14.53 204.0 19.0 19.0 89.0 43.63 17.0 0.28
90.0 155.0 181.0 2.0 21.0 0.02 30.0 1.0 6.0 3.0 10.0 192.0 9.0 12.0 109.0 56.77 44.0 0.49
99.0 88.0 362.0 28.0 65.0 0.28 8.0 2.0 6.0 0.0 0.0 68.0 8.0 5.0 29.0 42.65 31.0 0.31
29.0 38.0 79.0 2.0 9.0 0.07 6.0 2.0 1.0 1.0 16.67 50.0 4.0 4.0 19.0 38.0 17.0 0.59
2.0 0.0 0.0 0.0 0.0 0.0 0.0 0.0 0.0 0.0 0.0 0.0 0.0 0.0 0.0 0.0 0.0 0.0
2.0 0.0 0.0 0.0 0.0 0.0 11.0 0.0 4.0 0.0 0.0 0.0 0.0 0.0 0.0 0.0 0.0 0.0
28.0 6.0 53.0 4.0 7.0 0.14 3.0 0.0 3.0 0.0 0.0 2.0 0.0 0.0 1.0 50.0 1.0 0.04
79.0 46.0 126.0 16.0 23.0 0.2 2.0 1.0 1.0 0.0 0.0 63.0 7.0 11.0 28.0 44.44 2.0 0.03
103.0 0.0 0.0 0.0 0.0 0.0 517.0 31.0 96.0 127.0 24.56 0.0 0.0 0.0 0.0 0.0 0.0 0.0
68.0 73.0 119.0 9.0 37.0 0.13 117.0 11.0 37.0 28.0 23.93 128.0 10.0 14.0 62.0 48.44 2.0 0.03
86.0 0.0 0.0 0.0 0.0 0.0 391.0 24.0 91.0 101.0 25.83 0.0 0.0 0.0 0.0 0.0 0.0 0.0
52.0 166.0 143.0 4.0 24.0 0.08 345.0 14.0 93.0 78.0 22.61 302.0 19.0 25.0 151.0 50.0 11.0 0.21
21.0 1.0 0.0 0.0 0.0 0.0 77.0 9.0 19.0 22.0 28.57 2.0 0.0 0.0 1.0 50.0 0.0 0.0
37.0 9.0 43.0 0.0 11.0 0.0 2.0 0.0 2.0 0.0 0.0 11.0 0.0 1.0 4.0 36.36 5.0 0.14
69.0 106.0 167.0 1.0 13.0 0.01 15.0 2.0 5.0 1.0 6.67 109.0 6.0 12.0 65.0 59.63 40.0 0.58
97.0 379.0 340.0 25.0 70.0 0.26 26.0 4.0 8.0 5.0 19.23 614.0 49.0 28.0 326.0 53.09 28.0 0.29
0.0 0.0 0.0 0.0 0.0 0.0 0.0 0.0 0.0 0.0 0.0 0.0 0.0 0.0 0.0 0.0 0.0 0.0
95.0 130.0 320.0 12.0 34.0 0.13 32.0 0.0 9.0 4.0 12.5 148.0 6.0 11.0 99.0 66.89 19.0 0.2
30.0 12.0 63.0 3.0 16.0 0.1 1.0 0.0 1.0 0.0 0.0 8.0 0.0 0.0 6.0 75.0 3.0 0.1
97.0 194.0 335.0 8.0 27.0 0.08 34.0 3.0 8.0 6.0 17.65 248.0 14.0 13.0 131.0 52.82 55.0 0.57
78.0 149.0 261.0 6.0 21.0 0.08 13.0 1.0 6.0 3.0 23.08 158.0 10.0 6.0 94.0 59.49 49.0 0.63
24.0 2.0 28.0 1.0 1.0 0.04 2.0 1.0 1.0 0.0 0.0 4.0 0.0 0.0 1.0 25.0 0.0 0.0
13.0 0.0 0.0 0.0 0.0 0.0 63.0 6.0 19.0 13.0 20.63 0.0 0.0 0.0 0.0 0.0 0.0 0.0
15.0 4.0 9.0 1.0 4.0 0.07 12.0 1.0 1.0 3.0 25.0 7.0 0.0 1.0 3.0 42.86 0.0 0.0
74.0 0.0 0.0 0.0 0.0 0.0 335.0 34.0 92.0 77.0 22.99 0.0 0.0 0.0 0.0 0.0 0.0 0.0
53.0 126.0 83.0 3.0 23.0 0.06 222.0 16.0 56.0 38.0 17.12 204.0 13.0 17.0 108.0 52.94 15.0 0.28
0.0 0.0 0.0 0.0 0.0 0.0 0.0 0.0 0.0 0.0 0.0 0.0 0.0 0.0 0.0 0.0 0.0 0.0
0.0 0.0 0.0 0.0 0.0 0.0 0.0 0.0 0.0 0.0 0.0 0.0 0.0 0.0 0.0 0.0 0.0 0.0
90.0 73.0 360.0 28.0 63.0 0.31 5.0 3.0 2.0 0.0 0.0 57.0 4.0 2.0 26.0 45.61 19.0 0.21
69.0 136.0 188.0 3.0 16.0 0.04 21.0 0.0 6.0 0.0 0.0 183.0 4.0 14.0 104.0 56.83 29.0 0.42
16.0 38.0 68.0 2.0 7.0 0.12 6.0 0.0 1.0 1.0 16.67 46.0 6.0 0.0 29.0 63.04 7.0 0.44
17.0 4.0 6.0 0.0 2.0 0.0 34.0 1.0 13.0 7.0 20.59 6.0 0.0 0.0 3.0 50.0 1.0 0.06
87.0 363.0 328.0 25.0 76.0 0.29 9.0 1.0 4.0 0.0 0.0 683.0 41.0 61.0 317.0 46.41 21.0 0.24
95.0 0.0 0.0 0.0 0.0 0.0 464.0 34.0 132.0 84.0 18.1 0.0 0.0 0.0 0.0 0.0 0.0 0.0
79.0 142.0 248.0 10.0 28.0 0.13 28.0 3.0 2.0 6.0 21.43 161.0 8.0 15.0 91.0 56.52 41.0 0.52
87.0 0.0 0.0 0.0 0.0 0.0 387.0 21.0 80.0 114.0 29.46 0.0 0.0 0.0 0.0 0.0 0.0 0.0
87.0 170.0 332.0 12.0 34.0 0.14 29.0 2.0 5.0 6.0 20.69 201.0 13.0 10.0 119.0 59.2 39.0 0.45
11.0 0.0 0.0 0.0 0.0 0.0 25.0 3.0 3.0 10.0 40.0 0.0 0.0 0.0 0.0 0.0 0.0 0.0
32.0 0.0 0.0 0.0 0.0 0.0 90.0 7.0 23.0 16.0 17.78 0.0 0.0 0.0 0.0 0.0 0.0 0.0
0.0 0.0 0.0 0.0 0.0 0.0 0.0 0.0 0.0 0.0 0.0 0.0 0.0 0.0 0.0 0.0 0.0 0.0
92.0 245.0 329.0 31.0 56.0 0.34 392.0 13.0 98.0 88.0 22.45 488.0 33.0 33.0 195.0 39.96 19.0 0.21
18.0 17.0 33.0 1.0 4.0 0.06 5.0 0.0 2.0 0.0 0.0 19.0 1.0 2.0 11.0 57.89 5.0 0.28
0.0 0.0 0.0 0.0 0.0 0.0 0.0 0.0 0.0 0.0 0.0 0.0 0.0 0.0 0.0 0.0 0.0 0.0
73.0 107.0 190.0 12.0 30.0 0.16 294.0 17.0 66.0 74.0 25.17 261.0 16.0 30.0 83.0 31.8 12.0 0.16
55.0 116.0 184.0 6.0 19.0 0.11 10.0 3.0 4.0 1.0 10.0 127.0 2.0 4.0 81.0 63.78 29.0 0.53
36.0 38.0 37.0 1.0 16.0 0.03 0.0 0.0 0.0 0.0 0.0 84.0 8.0 9.0 34.0 40.48 3.0 0.08
65.0 246.0 195.0 3.0 29.0 0.05 408.0 30.0 99.0 80.0 19.61 443.0 35.0 39.0 221.0 49.89 22.0 0.34
57.0 0.0 2.0 0.0 1.0 0.0 282.0 24.0 57.0 59.0 20.92 2.0 0.0 1.0 0.0 0.0 0.0 0.0
39.0 14.0 62.0 1.0 8.0 0.03 5.0 0.0 0.0 0.0 0.0 18.0 0.0 2.0 9.0 50.0 4.0 0.1
77.0 230.0 236.0 25.0 56.0 0.32 381.0 33.0 100.0 105.0 27.56 437.0 36.0 45.0 189.0 43.25 16.0 0.21
6.0 3.0 7.0 0.0 1.0 0.0 2.0 0.0 2.0 0.0 0.0 9.0 2.0 0.0 3.0 33.33 0.0 0.0
58.0 139.0 147.0 20.0 40.0 0.34 272.0 26.0 67.0 65.0 23.9 233.0 24.0 26.0 108.0 46.35 11.0 0.19
89.0 169.0 347.0 26.0 77.0 0.29 55.0 5.0 13.0 14.0 25.45 186.0 16.0 9.0 107.0 57.53 36.0 0.4
75.0 0.0 0.0 0.0 0.0 0.0 64.0 4.0 14.0 10.0 15.62 0.0 0.0 0.0 0.0 0.0 0.0 0.0
56.0 183.0 129.0 11.0 39.0 0.2 9.0 2.0 5.0 0.0 0.0 303.0 22.0 12.0 147.0 48.51 25.0 0.45
34.0 36.0 64.0 8.0 26.0 0.24 68.0 15.0 14.0 9.0 13.24 51.0 2.0 6.0 24.0 47.06 4.0 0.12
25.0 27.0 58.0 1.0 2.0 0.04 6.0 1.0 1.0 1.0 16.67 41.0 2.0 1.0 21.0 51.22 5.0 0.2
81.0 71.0 88.0 6.0 16.0 0.07 2.0 1.0 0.0 0.0 0.0 127.0 7.0 11.0 59.0 46.46 6.0 0.07
83.0 16.0 272.0 10.0 10.0 0.12 6.0 1.0 3.0 0.0 0.0 8.0 1.0 0.0 3.0 37.5 3.0 0.04
89.0 354.0 374.0 37.0 67.0 0.42 411.0 31.0 85.0 97.0 23.6 581.0 47.0 18.0 286.0 49.23 31.0 0.35
81.0 0.0 0.0 0.0 0.0 0.0 394.0 27.0 87.0 118.0 29.95 0.0 0.0 0.0 0.0 0.0 0.0 0.0
28.0 26.0 28.0 3.0 1.0 0.11 3.0 1.0 0.0 0.0 0.0 21.0 0.0 0.0 19.0 90.48 4.0 0.14
48.0 99.0 196.0 14.0 31.0 0.29 21.0 1.0 2.0 10.0 47.62 93.0 2.0 5.0 58.0 62.37 27.0 0.56
31.0 19.0 52.0 3.0 10.0 0.1 5.0 0.0 2.0 2.0 40.0 29.0 0.0 2.0 12.0 41.38 4.0 0.13
53.0 65.0 186.0 4.0 13.0 0.08 23.0 1.0 1.0 6.0 26.09 103.0 6.0 8.0 42.0 40.78 19.0 0.36
52.0 90.0 217.0 28.0 51.0 0.54 31.0 5.0 7.0 4.0 12.9 98.0 8.0 3.0 47.0 47.96 15.0 0.29
58.0 90.0 203.0 9.0 27.0 0.16 18.0 0.0 5.0 2.0 11.11 100.0 1.0 7.0 55.0 55.0 26.0 0.45
17.0 4.0 0.0 0.0 0.0 0.0 59.0 2.0 18.0 13.0 22.03 4.0 0.0 0.0 4.0 100.0 0.0 0.0
66.0 16.0 108.0 2.0 3.0 0.03 2.0 0.0 2.0 0.0 0.0 18.0 0.0 1.0 9.0 50.0 5.0 0.08
0.0 0.0 0.0 0.0 0.0 0.0 0.0 0.0 0.0 0.0 0.0 0.0 0.0 0.0 0.0 0.0 0.0 0.0
5.0 0.0 0.0 0.0 0.0 0.0 0.0 0.0 0.0 0.0 0.0 0.0 0.0 0.0 0.0 0.0 0.0 0.0
0.0 0.0 0.0 0.0 0.0 0.0 0.0 0.0 0.0 0.0 0.0 0.0 0.0 0.0 0.0 0.0 0.0 0.0
74.0 124.0 108.0 5.0 30.0 0.07 0.0 0.0 0.0 0.0 0.0 215.0 16.0 10.0 109.0 50.7 10.0 0.14
2.0 4.0 6.0 0.0 1.0 0.0 0.0 0.0 0.0 0.0 0.0 2.0 0.0 0.0 2.0 100.0 2.0 1.0
8.0 19.0 31.0 2.0 5.0 0.25 62.0 6.0 11.0 12.0 19.35 32.0 0.0 6.0 14.0 43.75 3.0 0.38
41.0 10.0 57.0 4.0 6.0 0.1 0.0 0.0 0.0 0.0 0.0 2.0 0.0 0.0 1.0 50.0 5.0 0.12
59.0 135.0 169.0 19.0 28.0 0.32 196.0 12.0 51.0 30.0 15.31 242.0 14.0 34.0 107.0 44.21 9.0 0.15
78.0 63.0 128.0 8.0 28.0 0.1 5.0 0.0 2.0 1.0 20.0 118.0 9.0 11.0 52.0 44.07 3.0 0.04
3.0 4.0 9.0 0.0 2.0 0.0 33.0 6.0 9.0 6.0 18.18 9.0 1.0 3.0 4.0 44.44 0.0 0.0
63.0 203.0 170.0 14.0 52.0 0.22 412.0 22.0 89.0 68.0 16.5 348.0 25.0 20.0 178.0 51.15 11.0 0.17
97.0 0.0 0.0 0.0 0.0 0.0 499.0 36.0 113.0 133.0 26.65 0.0 0.0 0.0 0.0 0.0 0.0 0.0
33.0 83.0 92.0 5.0 13.0 0.15 165.0 14.0 41.0 36.0 21.82 161.0 8.0 15.0 69.0 42.86 9.0 0.27
88.0 289.0 314.0 28.0 66.0 0.32 550.0 40.0 143.0 130.0 23.64 454.0 31.0 36.0 240.0 52.86 21.0 0.24
48.0 135.0 133.0 17.0 36.0 0.35 237.0 16.0 80.0 24.0 10.13 205.0 16.0 14.0 113.0 55.12 5.0 0.1
90.0 216.0 289.0 7.0 32.0 0.08 31.0 0.0 6.0 11.0 35.48 233.0 7.0 8.0 150.0 64.38 59.0 0.66
37.0 67.0 123.0 6.0 27.0 0.16 17.0 0.0 5.0 6.0 35.29 70.0 3.0 0.0 44.0 62.86 17.0 0.46
73.0 42.0 241.0 23.0 42.0 0.32 6.0 2.0 4.0 0.0 0.0 17.0 0.0 0.0 7.0 41.18 12.0 0.16
48.0 5.0 27.0 2.0 5.0 0.04 0.0 0.0 0.0 0.0 0.0 5.0 1.0 0.0 3.0 60.0 0.0 0.0
84.0 28.0 278.0 7.0 8.0 0.08 3.0 0.0 2.0 1.0 33.33 17.0 0.0 2.0 8.0 47.06 13.0 0.15
93.0 41.0 256.0 8.0 27.0 0.09 6.0 2.0 3.0 0.0 0.0 47.0 4.0 2.0 18.0 38.3 15.0 0.16
89.0 45.0 254.0 8.0 36.0 0.09 4.0 3.0 0.0 0.0 0.0 56.0 3.0 2.0 29.0 51.79 8.0 0.09
49.0 83.0 167.0 15.0 35.0 0.31 18.0 1.0 5.0 5.0 27.78 87.0 1.0 7.0 46.0 52.87 22.0 0.45
20.0 7.0 35.0 1.0 12.0 0.05 2.0 1.0 0.0 1.0 50.0 12.0 2.0 2.0 5.0 41.67 1.0 0.05
89.0 255.0 283.0 19.0 73.0 0.21 641.0 45.0 198.0 121.0 18.88 460.0 18.0 37.0 208.0 45.22 28.0 0.31
105.0 372.0 388.0 24.0 60.0 0.23 591.0 40.0 149.0 137.0 23.18 741.0 68.0 71.0 321.0 43.32 27.0 0.26
39.0 40.0 87.0 1.0 2.0 0.03 6.0 1.0 1.0 0.0 0.0 49.0 2.0 3.0 22.0 44.9 17.0 0.44
98.0 0.0 0.0 0.0 0.0 0.0 510.0 27.0 110.0 161.0 31.57 0.0 0.0 0.0 0.0 0.0 0.0 0.0
87.0 214.0 365.0 14.0 43.0 0.16 10.0 1.0 1.0 1.0 10.0 242.0 8.0 14.0 153.0 63.22 47.0 0.54
60.0 192.0 201.0 27.0 69.0 0.45 12.0 2.0 6.0 0.0 0.0 350.0 22.0 37.0 139.0 39.71 26.0 0.43
85.0 331.0 297.0 15.0 43.0 0.18 416.0 33.0 106.0 97.0 23.32 617.0 43.0 36.0 280.0 45.38 36.0 0.42
34.0 2.0 29.0 1.0 2.0 0.03 1.0 1.0 0.0 0.0 0.0 1.0 0.0 0.0 1.0 100.0 0.0 0.0
102.0 0.0 0.0 0.0 0.0 0.0 425.0 23.0 93.0 98.0 23.06 0.0 0.0 0.0 0.0 0.0 0.0 0.0
92.0 189.0 293.0 4.0 20.0 0.04 29.0 5.0 3.0 9.0 31.03 216.0 3.0 8.0 127.0 58.8 58.0 0.63
47.0 61.0 187.0 10.0 30.0 0.21 9.0 1.0 1.0 0.0 0.0 63.0 1.0 2.0 32.0 50.79 19.0 0.4
3.0 0.0 2.0 0.0 1.0 0.0 0.0 0.0 0.0 0.0 0.0 0.0 0.0 0.0 0.0 0.0 0.0 0.0
95.0 0.0 0.0 0.0 0.0 0.0 462.0 21.0 113.0 115.0 24.89 0.0 0.0 0.0 0.0 0.0 0.0 0.0
12.0 2.0 7.0 1.0 3.0 0.08 0.0 0.0 0.0 0.0 0.0 8.0 1.0 3.0 1.0 12.5 0.0 0.0
98.0 160.0 366.0 11.0 30.0 0.11 25.0 1.0 6.0 6.0 24.0 166.0 7.0 8.0 106.0 63.86 43.0 0.44
13.0 12.0 16.0 1.0 2.0 0.08 35.0 3.0 11.0 7.0 20.0 19.0 1.0 1.0 9.0 47.37 2.0 0.15
99.0 0.0 0.0 0.0 0.0 0.0 533.0 32.0 132.0 103.0 19.32 0.0 0.0 0.0 0.0 0.0 0.0 0.0
